# HEAD 3c6a7732cbcb256ccdec38f0fe1824387361c4aa; node_modules/.bin/vite-node docs/engineering/playability-launch-review/evidence/p14b4-20260919/1308-P-r3-unseated-probe.ts
person-studio-aca408ec-r01-0 168 [0,1,3,6,7,8,9,10,11,12,15,16,17,18,19,20,21,24,25,26,27,28,29,30,33,34,35,36,37,38,39,42,43,44,45,46,47,48,51,52,53,54,55,56,57,60,61,62,63,64,65,66,67,68,69,72,73,74,75,76,77,78,79,80,81,84,85,86,87,88,89,90,91,92,93,96,97,98,99,100,101,102,103,104,105,108,109,110,111,112,113,114,115,116,117,118,119,120,121,122,123,124,125,126,127,128,129,130,131,132,133,134,135,136,137,138,139,140,141,142,143,144,145,146,147,148,149,150,151,152,153,154,155,156,157,158,159,160,161,162,163,164,165,166,167,168,169,170,171,172,173,174,175,176,177,178,179,180,181,182,183,184,185,186,187,188,189,190]
person-studio-aca408ec-r01-1 111 [0,1,2,3,12,21,30,39,48,57,58,59,60,69,70,71,72,81,82,83,84,93,94,95,96,105,106,107,108,109,110,111,112,113,114,115,116,117,118,119,120,121,122,123,124,125,126,127,128,129,130,131,132,133,134,135,136,137,138,139,140,141,142,143,144,145,146,147,148,149,150,151,152,153,154,155,156,157,158,159,160,161,162,163,164,165,166,167,168,169,170,171,172,173,174,175,176,177,178,179,180,181,182,183,184,185,186,187,188,189,190]
person-studio-aca408ec-r01-2 111 [0,1,2,3,12,21,30,39,48,57,58,59,60,69,70,71,72,81,82,83,84,93,94,95,96,105,106,107,108,109,110,111,112,113,114,115,116,117,118,119,120,121,122,123,124,125,126,127,128,129,130,131,132,133,134,135,136,137,138,139,140,141,142,143,144,145,146,147,148,149,150,151,152,153,154,155,156,157,158,159,160,161,162,163,164,165,166,167,168,169,170,171,172,173,174,175,176,177,178,179,180,181,182,183,184,185,186,187,188,189,190]
person-studio-aca408ec-r01-3 111 [0,1,2,3,12,21,30,39,48,57,58,59,60,69,70,71,72,81,82,83,84,93,94,95,96,105,106,107,108,109,110,111,112,113,114,115,116,117,118,119,120,121,122,123,124,125,126,127,128,129,130,131,132,133,134,135,136,137,138,139,140,141,142,143,144,145,146,147,148,149,150,151,152,153,154,155,156,157,158,159,160,161,162,163,164,165,166,167,168,169,170,171,172,173,174,175,176,177,178,179,180,181,182,183,184,185,186,187,188,189,190]
person-studio-aca408ec-r01-4 111 [0,1,2,3,12,21,30,39,48,57,58,59,60,69,70,71,72,81,82,83,84,93,94,95,96,105,106,107,108,109,110,111,112,113,114,115,116,117,118,119,120,121,122,123,124,125,126,127,128,129,130,131,132,133,134,135,136,137,138,139,140,141,142,143,144,145,146,147,148,149,150,151,152,153,154,155,156,157,158,159,160,161,162,163,164,165,166,167,168,169,170,171,172,173,174,175,176,177,178,179,180,181,182,183,184,185,186,187,188,189,190]
person-studio-aca408ec-r01-5 111 [0,1,2,3,12,21,30,39,48,57,58,59,60,69,70,71,72,81,82,83,84,93,94,95,96,105,106,107,108,109,110,111,112,113,114,115,116,117,118,119,120,121,122,123,124,125,126,127,128,129,130,131,132,133,134,135,136,137,138,139,140,141,142,143,144,145,146,147,148,149,150,151,152,153,154,155,156,157,158,159,160,161,162,163,164,165,166,167,168,169,170,171,172,173,174,175,176,177,178,179,180,181,182,183,184,185,186,187,188,189,190]
person-studio-aca408ec-r02-0 164 [0,1,4,7,8,9,10,11,12,13,16,17,18,19,20,21,22,25,26,27,28,29,30,31,33,34,35,36,37,38,39,40,43,44,45,46,47,48,49,52,53,54,55,56,57,58,61,62,63,64,65,66,67,70,71,72,73,74,75,76,79,80,81,82,83,84,85,88,89,90,91,92,93,94,97,98,99,100,101,102,103,106,107,108,109,110,111,112,113,114,115,118,119,120,121,122,123,124,125,126,127,128,129,130,131,132,133,134,135,136,137,138,139,140,141,142,143,144,145,146,147,148,149,150,151,152,153,154,155,156,157,158,159,160,161,162,163,164,165,166,167,168,169,170,171,172,173,174,175,176,177,178,179,180,181,182,183,184,185,186,187,188,189,190]
person-studio-aca408ec-r02-1 95 [0,1,2,3,4,13,22,31,40,49,58,67,76,85,94,103,104,105,106,115,116,117,118,119,120,121,122,123,124,125,126,127,128,129,130,131,132,133,134,135,136,137,138,139,140,141,142,143,144,145,146,147,148,149,150,151,152,153,154,155,156,157,158,159,160,161,162,163,164,165,166,167,168,169,170,171,172,173,174,175,176,177,178,179,180,181,182,183,184,185,186,187,188,189,190]
person-studio-aca408ec-r02-2 95 [0,1,2,3,4,13,22,31,40,49,58,67,76,85,94,103,104,105,106,115,116,117,118,119,120,121,122,123,124,125,126,127,128,129,130,131,132,133,134,135,136,137,138,139,140,141,142,143,144,145,146,147,148,149,150,151,152,153,154,155,156,157,158,159,160,161,162,163,164,165,166,167,168,169,170,171,172,173,174,175,176,177,178,179,180,181,182,183,184,185,186,187,188,189,190]
person-studio-aca408ec-r02-3 95 [0,1,2,3,4,13,22,31,40,49,58,67,76,85,94,103,104,105,106,115,116,117,118,119,120,121,122,123,124,125,126,127,128,129,130,131,132,133,134,135,136,137,138,139,140,141,142,143,144,145,146,147,148,149,150,151,152,153,154,155,156,157,158,159,160,161,162,163,164,165,166,167,168,169,170,171,172,173,174,175,176,177,178,179,180,181,182,183,184,185,186,187,188,189,190]
person-studio-aca408ec-r02-4 95 [0,1,2,3,4,13,22,31,40,49,58,67,76,85,94,103,104,105,106,115,116,117,118,119,120,121,122,123,124,125,126,127,128,129,130,131,132,133,134,135,136,137,138,139,140,141,142,143,144,145,146,147,148,149,150,151,152,153,154,155,156,157,158,159,160,161,162,163,164,165,166,167,168,169,170,171,172,173,174,175,176,177,178,179,180,181,182,183,184,185,186,187,188,189,190]
person-studio-aca408ec-r02-5 95 [0,1,2,3,4,13,22,31,40,49,58,67,76,85,94,103,104,105,106,115,116,117,118,119,120,121,122,123,124,125,126,127,128,129,130,131,132,133,134,135,136,137,138,139,140,141,142,143,144,145,146,147,148,149,150,151,152,153,154,155,156,157,158,159,160,161,162,163,164,165,166,167,168,169,170,171,172,173,174,175,176,177,178,179,180,181,182,183,184,185,186,187,188,189,190]
person-studio-aca408ec-r03-0 170 [0,1,3,5,6,7,8,9,10,11,12,14,15,16,17,18,19,20,21,23,24,25,26,27,28,29,30,33,34,35,36,37,38,39,42,43,44,45,46,47,48,50,51,52,53,54,55,56,57,59,60,61,62,63,64,65,66,69,70,71,72,73,74,75,77,78,79,80,81,82,83,84,86,87,88,89,90,91,92,93,95,96,97,98,99,100,101,102,104,105,106,107,108,109,110,111,112,114,115,116,117,118,119,120,122,123,124,125,126,127,128,129,132,133,134,135,136,137,138,140,141,142,143,144,145,146,147,148,149,150,151,152,153,154,155,156,157,158,159,160,161,162,163,164,165,166,167,168,169,170,171,172,173,174,175,176,177,178,179,180,181,182,183,184,185,186,187,188,189,190]
person-studio-aca408ec-r03-1 71 [0,1,2,3,12,21,30,39,48,57,66,75,84,93,102,111,120,129,138,139,140,141,142,143,144,145,146,147,148,149,150,151,152,153,154,155,156,157,158,159,160,161,162,163,164,165,166,167,168,169,170,171,172,173,174,175,176,177,178,179,180,181,182,183,184,185,186,187,188,189,190]
person-studio-aca408ec-r03-2 71 [0,1,2,3,12,21,30,39,48,57,66,75,84,93,102,111,120,129,138,139,140,141,142,143,144,145,146,147,148,149,150,151,152,153,154,155,156,157,158,159,160,161,162,163,164,165,166,167,168,169,170,171,172,173,174,175,176,177,178,179,180,181,182,183,184,185,186,187,188,189,190]
person-studio-aca408ec-r03-3 71 [0,1,2,3,12,21,30,39,48,57,66,75,84,93,102,111,120,129,138,139,140,141,142,143,144,145,146,147,148,149,150,151,152,153,154,155,156,157,158,159,160,161,162,163,164,165,166,167,168,169,170,171,172,173,174,175,176,177,178,179,180,181,182,183,184,185,186,187,188,189,190]
person-studio-aca408ec-r03-4 71 [0,1,2,3,12,21,30,39,48,57,66,75,84,93,102,111,120,129,138,139,140,141,142,143,144,145,146,147,148,149,150,151,152,153,154,155,156,157,158,159,160,161,162,163,164,165,166,167,168,169,170,171,172,173,174,175,176,177,178,179,180,181,182,183,184,185,186,187,188,189,190]
person-studio-aca408ec-r03-5 71 [0,1,2,3,12,21,30,39,48,57,66,75,84,93,102,111,120,129,138,139,140,141,142,143,144,145,146,147,148,149,150,151,152,153,154,155,156,157,158,159,160,161,162,163,164,165,166,167,168,169,170,171,172,173,174,175,176,177,178,179,180,181,182,183,184,185,186,187,188,189,190]
person-studio-aca408ec-r04-0 173 [0,1,4,7,8,9,10,11,12,13,16,17,18,19,20,21,22,25,26,27,28,29,30,31,32,35,36,37,38,39,40,41,42,43,46,47,48,49,52,53,54,55,56,57,58,59,60,61,64,65,66,67,68,69,70,71,72,73,74,77,78,79,80,81,82,83,84,85,86,87,88,89,90,91,92,93,94,95,96,97,98,99,100,101,102,103,104,105,106,107,108,109,110,111,112,113,114,115,116,117,118,119,120,121,122,123,124,125,126,127,128,129,130,131,132,133,134,135,136,137,138,139,140,141,142,143,144,145,146,147,148,149,150,151,152,153,154,155,156,157,158,159,160,161,162,163,164,165,166,167,168,169,170,171,172,173,174,175,176,177,178,179,180,181,182,183,184,185,186,187,188,189,190]
person-studio-aca408ec-r04-1 127 [0,1,2,3,4,13,22,31,40,49,50,51,52,61,62,63,64,73,74,75,76,77,86,87,88,89,90,91,92,93,94,95,96,97,98,99,100,101,102,103,104,105,106,107,108,109,110,111,112,113,114,115,116,117,118,119,120,121,122,123,124,125,126,127,128,129,130,131,132,133,134,135,136,137,138,139,140,141,142,143,144,145,146,147,148,149,150,151,152,153,154,155,156,157,158,159,160,161,162,163,164,165,166,167,168,169,170,171,172,173,174,175,176,177,178,179,180,181,182,183,184,185,186,187,188,189,190]
person-studio-aca408ec-r04-2 127 [0,1,2,3,4,13,22,31,40,49,50,51,52,61,62,63,64,73,74,75,76,77,86,87,88,89,90,91,92,93,94,95,96,97,98,99,100,101,102,103,104,105,106,107,108,109,110,111,112,113,114,115,116,117,118,119,120,121,122,123,124,125,126,127,128,129,130,131,132,133,134,135,136,137,138,139,140,141,142,143,144,145,146,147,148,149,150,151,152,153,154,155,156,157,158,159,160,161,162,163,164,165,166,167,168,169,170,171,172,173,174,175,176,177,178,179,180,181,182,183,184,185,186,187,188,189,190]
person-studio-aca408ec-r04-3 127 [0,1,2,3,4,13,22,31,40,49,50,51,52,61,62,63,64,73,74,75,76,77,86,87,88,89,90,91,92,93,94,95,96,97,98,99,100,101,102,103,104,105,106,107,108,109,110,111,112,113,114,115,116,117,118,119,120,121,122,123,124,125,126,127,128,129,130,131,132,133,134,135,136,137,138,139,140,141,142,143,144,145,146,147,148,149,150,151,152,153,154,155,156,157,158,159,160,161,162,163,164,165,166,167,168,169,170,171,172,173,174,175,176,177,178,179,180,181,182,183,184,185,186,187,188,189,190]
person-studio-aca408ec-r04-4 127 [0,1,2,3,4,13,22,31,40,49,50,51,52,61,62,63,64,73,74,75,76,77,86,87,88,89,90,91,92,93,94,95,96,97,98,99,100,101,102,103,104,105,106,107,108,109,110,111,112,113,114,115,116,117,118,119,120,121,122,123,124,125,126,127,128,129,130,131,132,133,134,135,136,137,138,139,140,141,142,143,144,145,146,147,148,149,150,151,152,153,154,155,156,157,158,159,160,161,162,163,164,165,166,167,168,169,170,171,172,173,174,175,176,177,178,179,180,181,182,183,184,185,186,187,188,189,190]
person-studio-aca408ec-r04-5 127 [0,1,2,3,4,13,22,31,40,49,50,51,52,61,62,63,64,73,74,75,76,77,86,87,88,89,90,91,92,93,94,95,96,97,98,99,100,101,102,103,104,105,106,107,108,109,110,111,112,113,114,115,116,117,118,119,120,121,122,123,124,125,126,127,128,129,130,131,132,133,134,135,136,137,138,139,140,141,142,143,144,145,146,147,148,149,150,151,152,153,154,155,156,157,158,159,160,161,162,163,164,165,166,167,168,169,170,171,172,173,174,175,176,177,178,179,180,181,182,183,184,185,186,187,188,189,190]
